apollo-02	0x00452E18	0x00460524	0x0001AE38	0x00028544	0	21066064	143504812377	236	236	0
